/*--------------------------------*- C++ -*----------------------------------*\
| =========                 |                                                 |
| \\      /  F ield         | OpenFOAM: The Open Source CFD Toolbox           |
|  \\    /   O peration     | Version:  2.1                                   |
|   \\  /    A nd           | Web:      www.OpenFOAM.org                      |
|    \\/     M anipulation  |                                                 |
\*---------------------------------------------------------------------------*/
/*   Windows 32 and 64 bit porting by blueCAPE: http://www.bluecape.com.pt   *\
|  Based on Windows porting (2.0.x v4) by Symscape: http://www.symscape.com   |
\*---------------------------------------------------------------------------*/
FoamFile
{
    version     2.0;
    format      ascii;
    class       faceList;
    location    "constant/polyMesh";
    object      faces;
}
// * * * * * * * * * * * * * * * * * * * * * * * * * * * * * * * * * * * * * //


227
(
4(1 5 25 21)
4(4 24 25 5)
4(20 21 25 24)
4(2 6 26 22)
4(5 25 26 6)
4(21 22 26 25)
4(6 26 27 7)
4(22 23 27 26)
4(5 9 29 25)
4(8 28 29 9)
4(24 25 29 28)
4(6 10 30 26)
4(9 29 30 10)
4(25 26 30 29)
4(10 30 31 11)
4(26 27 31 30)
4(9 13 33 29)
4(12 32 33 13)
4(28 29 33 32)
4(10 14 34 30)
4(13 33 34 14)
4(29 30 34 33)
4(14 34 35 15)
4(30 31 35 34)
4(13 17 37 33)
4(32 33 37 36)
4(14 18 38 34)
4(33 34 38 37)
4(34 35 39 38)
4(21 25 45 41)
4(24 44 45 25)
4(40 41 45 44)
4(22 26 46 42)
4(25 45 46 26)
4(41 42 46 45)
4(26 46 47 27)
4(42 43 47 46)
4(25 29 49 45)
4(28 48 49 29)
4(44 45 49 48)
4(26 30 50 46)
4(29 49 50 30)
4(45 46 50 49)
4(30 50 51 31)
4(46 47 51 50)
4(29 33 53 49)
4(32 52 53 33)
4(48 49 53 52)
4(30 34 54 50)
4(33 53 54 34)
4(49 50 54 53)
4(34 54 55 35)
4(50 51 55 54)
4(33 37 57 53)
4(52 53 57 56)
4(34 38 58 54)
4(53 54 58 57)
4(54 55 59 58)
4(41 45 65 61)
4(44 64 65 45)
4(60 61 65 64)
4(42 46 66 62)
4(45 65 66 46)
4(61 62 66 65)
4(46 66 67 47)
4(62 63 67 66)
4(45 49 69 65)
4(48 68 69 49)
4(64 65 69 68)
4(46 50 70 66)
4(49 69 70 50)
4(65 66 70 69)
4(50 70 71 51)
4(66 67 71 70)
4(49 53 73 69)
4(52 72 73 53)
4(68 69 73 72)
4(50 54 74 70)
4(53 73 74 54)
4(69 70 74 73)
4(54 74 75 55)
4(70 71 75 74)
4(53 57 77 73)
4(72 73 77 76)
4(54 58 78 74)
4(73 74 78 77)
4(74 75 79 78)
4(61 65 85 81)
4(64 84 85 65)
4(80 81 85 84)
4(62 66 86 82)
4(65 85 86 66)
4(81 82 86 85)
4(66 86 87 67)
4(82 83 87 86)
4(65 69 89 85)
4(68 88 89 69)
4(84 85 89 88)
4(66 70 90 86)
4(69 89 90 70)
4(85 86 90 89)
4(70 90 91 71)
4(86 87 91 90)
4(69 73 93 89)
4(72 92 93 73)
4(88 89 93 92)
4(70 74 94 90)
4(73 93 94 74)
4(89 90 94 93)
4(74 94 95 75)
4(90 91 95 94)
4(73 77 97 93)
4(92 93 97 96)
4(74 78 98 94)
4(93 94 98 97)
4(94 95 99 98)
4(81 85 105 101)
4(84 104 105 85)
4(82 86 106 102)
4(85 105 106 86)
4(86 106 107 87)
4(85 89 109 105)
4(88 108 109 89)
4(86 90 110 106)
4(89 109 110 90)
4(90 110 111 91)
4(89 93 113 109)
4(92 112 113 93)
4(90 94 114 110)
4(93 113 114 94)
4(94 114 115 95)
4(93 97 117 113)
4(94 98 118 114)
4(0 4 5 1)
4(4 8 9 5)
4(8 12 13 9)
4(12 16 17 13)
4(1 5 6 2)
4(5 9 10 6)
4(9 13 14 10)
4(13 17 18 14)
4(2 6 7 3)
4(6 10 11 7)
4(10 14 15 11)
4(14 18 19 15)
4(0 20 24 4)
4(4 24 28 8)
4(8 28 32 12)
4(12 32 36 16)
4(20 40 44 24)
4(24 44 48 28)
4(28 48 52 32)
4(32 52 56 36)
4(40 60 64 44)
4(44 64 68 48)
4(48 68 72 52)
4(52 72 76 56)
4(60 80 84 64)
4(64 84 88 68)
4(68 88 92 72)
4(72 92 96 76)
4(80 100 104 84)
4(84 104 108 88)
4(88 108 112 92)
4(92 112 116 96)
4(0 1 21 20)
4(20 21 41 40)
4(40 41 61 60)
4(60 61 81 80)
4(80 81 101 100)
4(1 2 22 21)
4(21 22 42 41)
4(41 42 62 61)
4(61 62 82 81)
4(81 82 102 101)
4(2 3 23 22)
4(22 23 43 42)
4(42 43 63 62)
4(62 63 83 82)
4(82 83 103 102)
4(3 7 27 23)
4(7 11 31 27)
4(11 15 35 31)
4(15 19 39 35)
4(23 27 47 43)
4(27 31 51 47)
4(31 35 55 51)
4(35 39 59 55)
4(43 47 67 63)
4(47 51 71 67)
4(51 55 75 71)
4(55 59 79 75)
4(63 67 87 83)
4(67 71 91 87)
4(71 75 95 91)
4(75 79 99 95)
4(83 87 107 103)
4(87 91 111 107)
4(91 95 115 111)
4(95 99 119 115)
4(16 36 37 17)
4(36 56 57 37)
4(56 76 77 57)
4(76 96 97 77)
4(96 116 117 97)
4(17 37 38 18)
4(37 57 58 38)
4(57 77 78 58)
4(77 97 98 78)
4(97 117 118 98)
4(18 38 39 19)
4(38 58 59 39)
4(58 78 79 59)
4(78 98 99 79)
4(98 118 119 99)
4(100 101 105 104)
4(104 105 109 108)
4(108 109 113 112)
4(112 113 117 116)
4(101 102 106 105)
4(105 106 110 109)
4(109 110 114 113)
4(113 114 118 117)
4(102 103 107 106)
4(106 107 111 110)
4(110 111 115 114)
4(114 115 119 118)
)


// ************************************************************************* //
