/*--------------------------------*- C++ -*----------------------------------*\
| =========                 |                                                 |
| \\      /  F ield         | OpenFOAM: The Open Source CFD Toolbox           |
|  \\    /   O peration     | Version:  2.1                                   |
|   \\  /    A nd           | Web:      www.OpenFOAM.org                      |
|    \\/     M anipulation  |                                                 |
\*---------------------------------------------------------------------------*/
/*   Windows 32 and 64 bit porting by blueCAPE: http://www.bluecape.com.pt   *\
|  Based on Windows porting (2.0.x v4) by Symscape: http://www.symscape.com   |
\*---------------------------------------------------------------------------*/
FoamFile
{
    version     2.0;
    format      ascii;
    class       vectorField;
    location    "constant/polyMesh";
    object      points;
}
// * * * * * * * * * * * * * * * * * * * * * * * * * * * * * * * * * * * * * //


120
(
(0 0 0)
(0.3333333333 0 0)
(0.6666666667 0 0)
(1 0 0)
(0 0.25 0)
(0.3333333333 0.25 0)
(0.6666666667 0.25 0)
(1 0.25 0)
(0 0.5 0)
(0.3333333333 0.5 0)
(0.6666666667 0.5 0)
(1 0.5 0)
(0 0.75 0)
(0.3333333333 0.75 0)
(0.6666666667 0.75 0)
(1 0.75 0)
(0 1 0)
(0.3333333333 1 0)
(0.6666666667 1 0)
(1 1 0)
(0 0 0.2)
(0.3333333333 0 0.2)
(0.6666666667 0 0.2)
(1 0 0.2)
(0 0.25 0.2)
(0.3333333333 0.25 0.2)
(0.6666666667 0.25 0.2)
(1 0.25 0.2)
(0 0.5 0.2)
(0.3333333333 0.5 0.2)
(0.6666666667 0.5 0.2)
(1 0.5 0.2)
(0 0.75 0.2)
(0.3333333333 0.75 0.2)
(0.6666666667 0.75 0.2)
(1 0.75 0.2)
(0 1 0.2)
(0.3333333333 1 0.2)
(0.6666666667 1 0.2)
(1 1 0.2)
(0 0 0.4)
(0.3333333333 0 0.4)
(0.6666666667 0 0.4)
(1 0 0.4)
(0 0.25 0.4)
(0.3333333333 0.25 0.4)
(0.6666666667 0.25 0.4)
(1 0.25 0.4)
(0 0.5 0.4)
(0.3333333333 0.5 0.4)
(0.6666666667 0.5 0.4)
(1 0.5 0.4)
(0 0.75 0.4)
(0.3333333333 0.75 0.4)
(0.6666666667 0.75 0.4)
(1 0.75 0.4)
(0 1 0.4)
(0.3333333333 1 0.4)
(0.6666666667 1 0.4)
(1 1 0.4)
(0 0 0.6)
(0.3333333333 0 0.6)
(0.6666666667 0 0.6)
(1 0 0.6)
(0 0.25 0.6)
(0.3333333333 0.25 0.6)
(0.6666666667 0.25 0.6)
(1 0.25 0.6)
(0 0.5 0.6)
(0.3333333333 0.5 0.6)
(0.6666666667 0.5 0.6)
(1 0.5 0.6)
(0 0.75 0.6)
(0.3333333333 0.75 0.6)
(0.6666666667 0.75 0.6)
(1 0.75 0.6)
(0 1 0.6)
(0.3333333333 1 0.6)
(0.6666666667 1 0.6)
(1 1 0.6)
(0 0 0.8)
(0.3333333333 0 0.8)
(0.6666666667 0 0.8)
(1 0 0.8)
(0 0.25 0.8)
(0.3333333333 0.25 0.8)
(0.6666666667 0.25 0.8)
(1 0.25 0.8)
(0 0.5 0.8)
(0.3333333333 0.5 0.8)
(0.6666666667 0.5 0.8)
(1 0.5 0.8)
(0 0.75 0.8)
(0.3333333333 0.75 0.8)
(0.6666666667 0.75 0.8)
(1 0.75 0.8)
(0 1 0.8)
(0.3333333333 1 0.8)
(0.6666666667 1 0.8)
(1 1 0.8)
(0 0 1)
(0.3333333333 0 1)
(0.6666666667 0 1)
(1 0 1)
(0 0.25 1)
(0.3333333333 0.25 1)
(0.6666666667 0.25 1)
(1 0.25 1)
(0 0.5 1)
(0.3333333333 0.5 1)
(0.6666666667 0.5 1)
(1 0.5 1)
(0 0.75 1)
(0.3333333333 0.75 1)
(0.6666666667 0.75 1)
(1 0.75 1)
(0 1 1)
(0.3333333333 1 1)
(0.6666666667 1 1)
(1 1 1)
)


// ************************************************************************* //
