((90,1000),100)	10	NewickVector	1.82639e-308	41.91
((90,1000),100)	10	TwoDigitNewick	1.82639e-308	956.28
((90,100),1000)	10	NewickVector	7.49634e-309	43.19
((90,100),1000)	10	TwoDigitNewick	7.49634e-309	462.33
((90,100),100)	10	NewickVector	1.71375e-156	3.87
((90,100),100)	10	TwoDigitNewick	1.71375e-156	13.02
((80,1000),100)	10	NewickVector	6.175e-297	37.68
((80,1000),100)	10	TwoDigitNewick	6.175e-297	862.13
((80,100),1000)	10	NewickVector	2.31766e-297	38.86
((80,100),1000)	10	TwoDigitNewick	2.31766e-297	428.3
((80,100),100)	10	NewickVector	4.58979e-151	3.41
((80,100),100)	10	TwoDigitNewick	4.58979e-151	11.32
((70,1000),100)	10	NewickVector	6.8052e-285	32.61
((70,1000),100)	10	TwoDigitNewick	6.8052e-285	746.67
((70,100),1000)	10	NewickVector	2.31643e-285	34.08
((70,100),1000)	10	TwoDigitNewick	2.31643e-285	395.3
((70,100),100)	10	NewickVector	3.08009e-145	2.99
((70,100),100)	10	TwoDigitNewick	3.08009e-145	10.82
((60,1000),100)	10	NewickVector	2.93438e-272	28.02
((60,1000),100)	10	TwoDigitNewick	2.93438e-272	660.93
((60,100),1000)	10	NewickVector	8.96952e-273	28.72
((60,100),1000)	10	TwoDigitNewick	8.96952e-273	367.41
((60,100),100)	10	NewickVector	6.14611e-139	2.57
((60,100),100)	10	TwoDigitNewick	6.14611e-139	9.27
((50,1000),100)	10	NewickVector	6.32472e-259	22.99
((50,1000),100)	10	TwoDigitNewick	6.32472e-259	532.53
((50,100),1000)	10	NewickVector	1.71525e-259	23.97
((50,100),1000)	10	TwoDigitNewick	1.71525e-259	343.42
((50,100),100)	10	NewickVector	4.60266e-132	2.09
((50,100),100)	10	TwoDigitNewick	4.60266e-132	8.52
((5,5),5)	10	NewickVector	2.69507e-12	0
((5,5),5)	10	TwoDigitNewick	2.69507e-12	0
((40,1000),100)	10	NewickVector	9.62987e-245	18.56
((40,1000),100)	10	TwoDigitNewick	9.62987e-245	428.51
((40,100),1000)	10	NewickVector	2.28226e-245	19.26
((40,100),1000)	10	TwoDigitNewick	2.28226e-245	282.53
((40,100),100)	10	NewickVector	1.8049e-124	1.74
((40,100),100)	10	TwoDigitNewick	1.8049e-124	7.02
((30,1000),100)	10	NewickVector	1.75257e-229	13.9
((30,1000),100)	10	TwoDigitNewick	1.75257e-229	324.53
((30,100),1000)	10	NewickVector	3.55885e-230	15.64
((30,100),1000)	10	TwoDigitNewick	3.55885e-230	227.08
((30,100),100)	10	NewickVector	6.18942e-116	1.32
((30,100),100)	10	TwoDigitNewick	6.18942e-116	5.36
((3,3),3)	10	NewickVector	1.51144e-07	0
((3,3),3)	10	TwoDigitNewick	1.51144e-07	0
((20,1000),100)	10	NewickVector	9.37565e-213	9.41
((20,1000),100)	10	TwoDigitNewick	9.37565e-213	214.85
((20,100),1000)	10	NewickVector	1.58746e-213	9.71
((20,100),1000)	10	TwoDigitNewick	1.58746e-213	158.95
((20,100),100)	10	NewickVector	4.50697e-106	0.82
((20,100),100)	10	TwoDigitNewick	4.50697e-106	3.63
((2,3),3)	10	NewickVector	1.38747e-06	0
((2,3),3)	10	TwoDigitNewick	1.38747e-06	0
((2,2),3)	10	NewickVector	1.16699e-05	0
((2,2),3)	10	TwoDigitNewick	1.16699e-05	0
((2,2),2)	10	NewickVector	9.25001e-05	0
((2,2),2)	10	TwoDigitNewick	9.25001e-05	0
((1000,100),90)	10	NewickVector	1.67464e-308	40.71
((1000,100),90)	10	TwoDigitNewick	1.67464e-308	946.25
((1000,100),80)	10	NewickVector	5.12967e-297	36.13
((1000,100),80)	10	TwoDigitNewick	5.12967e-297	847.25
((1000,100),70)	10	NewickVector	5.04473e-285	31.55
((1000,100),70)	10	TwoDigitNewick	5.04473e-285	734
((1000,100),60)	10	NewickVector	1.90312e-272	26.87
((1000,100),60)	10	TwoDigitNewick	1.90312e-272	624.18
((1000,100),50)	10	NewickVector	3.49336e-259	22.55
((1000,100),50)	10	TwoDigitNewick	3.49336e-259	526.7
((1000,100),40)	10	NewickVector	4.35688e-245	17.74
((1000,100),40)	10	TwoDigitNewick	4.35688e-245	415.3
((1000,100),30)	10	NewickVector	6.10859e-230	13.16
((1000,100),30)	10	TwoDigitNewick	6.10859e-230	315.56
((1000,100),20)	10	NewickVector	2.25125e-213	8.64
((1000,100),20)	10	TwoDigitNewick	2.25125e-213	204.56
((1000,100),100)	10	NewickVector	1.52869e-319	47.29
((1000,100),100)	10	TwoDigitNewick	1.52869e-319	1631.41
((1000,100),10)	10	NewickVector	1.27107e-194	4.18
((1000,100),10)	10	TwoDigitNewick	1.27107e-194	102.33
((100,100),90)	10	NewickVector	1.68674e-156	3.93
((100,100),90)	10	TwoDigitNewick	1.68674e-156	12.15
((100,100),80)	10	NewickVector	4.41521e-151	3.55
((100,100),80)	10	TwoDigitNewick	4.41521e-151	10.1
((100,100),70)	10	NewickVector	2.86889e-145	2.99
((100,100),70)	10	TwoDigitNewick	2.86889e-145	8.77
((100,100),60)	10	NewickVector	5.47198e-139	2.5
((100,100),60)	10	TwoDigitNewick	5.47198e-139	6.84
((100,100),50)	10	NewickVector	3.84519e-132	2.1
((100,100),50)	10	TwoDigitNewick	3.84519e-132	6.21
((100,100),40)	10	NewickVector	1.37571e-124	1.69
((100,100),40)	10	TwoDigitNewick	1.37571e-124	4.48
((100,100),30)	10	NewickVector	4.10855e-116	1.24
((100,100),30)	10	TwoDigitNewick	4.10855e-116	3.14
((100,100),20)	10	NewickVector	2.38357e-106	0.81
((100,100),20)	10	TwoDigitNewick	2.38357e-106	2.08
((100,100),1000)	10	NewickVector	6.81317e-320	48.7
((100,100),1000)	10	TwoDigitNewick	6.81317e-320	455.62
((100,100),100)	10	NewickVector	1.40699e-161	4.38
((100,100),100)	10	TwoDigitNewick	1.40699e-161	13.79
((100,100),10)	10	NewickVector	1.58509e-94	0.38
((100,100),10)	10	TwoDigitNewick	1.58509e-94	1
((10,1000),100)	10	NewickVector	1.01039e-193	5
((10,1000),100)	10	TwoDigitNewick	1.01039e-193	110.64
((10,100),1000)	10	NewickVector	1.3687e-194	5.33
((10,100),1000)	10	TwoDigitNewick	1.3687e-194	84.22
((10,100),100)	10	NewickVector	4.73149e-94	0.42
((10,100),100)	10	TwoDigitNewick	4.73149e-94	1.8
(((5,5),5),5)	10	NewickVector	7.55605e-18	0
(((5,5),5),5)	10	TwoDigitNewick	7.55605e-18	0
(((3,3),3),3)	10	NewickVector	6.30722e-11	0
(((3,3),3),3)	10	TwoDigitNewick	6.30722e-11	0
(((2,3),3),3)	10	NewickVector	6.94432e-10	0
(((2,3),3),3)	10	TwoDigitNewick	6.94432e-10	0
(((2,2),3),3)	10	NewickVector	6.84343e-09	0
(((2,2),3),3)	10	TwoDigitNewick	6.84343e-09	0
(((2,2),2),3)	10	NewickVector	6.42062e-08	0
(((2,2),2),3)	10	TwoDigitNewick	6.42062e-08	0
(((2,2),2),2)	10	NewickVector	5.66368e-07	0
(((2,2),2),2)	10	TwoDigitNewick	5.66368e-07	0
((((5,5),5),5),5)	10	NewickVector	5.44502e-24	0.02
((((5,5),5),5),5)	10	TwoDigitNewick	5.44502e-24	0.01
((((3,3),3),3),3)	10	NewickVector	1.04178e-14	0
((((3,3),3),3),3)	10	TwoDigitNewick	1.04178e-14	0
((((2,3),3),3),3)	10	NewickVector	1.34891e-13	0
((((2,3),3),3),3)	10	TwoDigitNewick	1.34891e-13	0
((((2,2),3),3),3)	10	NewickVector	1.52424e-12	0
((((2,2),3),3),3)	10	TwoDigitNewick	1.52424e-12	0
((((2,2),2),3),3)	10	NewickVector	1.67494e-11	0
((((2,2),2),3),3)	10	TwoDigitNewick	1.67494e-11	0
((((2,2),2),2),3)	10	NewickVector	1.70858e-10	0
((((2,2),2),2),3)	10	TwoDigitNewick	1.70858e-10	0
((((2,2),2),2),2)	10	NewickVector	1.66197e-09	0
((((2,2),2),2),2)	10	TwoDigitNewick	1.66197e-09	0
(((((5,5),5),5),5),5)	10	NewickVector	1.28288e-30	0.17
(((((5,5),5),5),5),5)	10	TwoDigitNewick	1.28288e-30	0.06
(((((3,3),3),3),3),3)	10	NewickVector	8.05661e-19	0.01
(((((3,3),3),3),3),3)	10	TwoDigitNewick	8.05661e-19	0
(((((2,3),3),3),3),3)	10	NewickVector	1.20422e-17	0
(((((2,3),3),3),3),3)	10	TwoDigitNewick	1.20422e-17	0
(((((2,2),3),3),3),3)	10	NewickVector	1.52991e-16	0
(((((2,2),3),3),3),3)	10	TwoDigitNewick	1.52991e-16	0
(((((2,2),2),3),3),3)	10	NewickVector	1.94894e-15	0
(((((2,2),2),3),3),3)	10	TwoDigitNewick	1.94894e-15	0
(((((2,2),2),2),3),3)	10	NewickVector	2.28426e-14	0
(((((2,2),2),2),3),3)	10	TwoDigitNewick	2.28426e-14	0
(((((2,2),2),2),2),3)	10	NewickVector	2.52818e-13	0
(((((2,2),2),2),2),3)	10	TwoDigitNewick	2.52818e-13	0
(((((2,2),2),2),2),2)	10	NewickVector	2.68866e-12	0
(((((2,2),2),2),2),2)	10	TwoDigitNewick	2.68866e-12	0
((((((5,5),5),5),5),5),5)	10	NewickVector	1.1798e-37	1.23
((((((5,5),5),5),5),5),5)	10	TwoDigitNewick	1.1798e-37	0.36
((((((3,3),3),3),3),3),3)	10	NewickVector	3.30594e-23	0.03
((((((3,3),3),3),3),3),3)	10	TwoDigitNewick	3.30594e-23	0.01
((((((2,3),3),3),3),3),3)	10	NewickVector	5.60673e-22	0.03
((((((2,3),3),3),3),3),3)	10	TwoDigitNewick	5.60673e-22	0.01
((((((2,2),3),3),3),3),3)	10	NewickVector	7.86212e-21	0.02
((((((2,2),3),3),3),3),3)	10	TwoDigitNewick	7.86212e-21	0
((((((2,2),2),3),3),3),3)	10	NewickVector	1.1482e-19	0.01
((((((2,2),2),3),3),3),3)	10	TwoDigitNewick	1.1482e-19	0.01
((((((2,2),2),2),3),3),3)	10	NewickVector	1.5392e-18	0
((((((2,2),2),2),3),3),3)	10	TwoDigitNewick	1.5392e-18	0.01
((((((2,2),2),2),2),3),3)	10	NewickVector	1.92877e-17	0
((((((2,2),2),2),2),3),3)	10	TwoDigitNewick	1.92877e-17	0
((((((2,2),2),2),2),2),3)	10	NewickVector	2.30606e-16	0
((((((2,2),2),2),2),2),3)	10	TwoDigitNewick	2.30606e-16	0
((((((2,2),2),2),2),2),2)	10	NewickVector	2.66166e-15	0
((((((2,2),2),2),2),2),2)	10	TwoDigitNewick	2.66166e-15	0
(((((((5,5),5),5),5),5),5),5)	10	NewickVector	4.86659e-45	7.58
(((((((5,5),5),5),5),5),5),5)	10	TwoDigitNewick	4.86659e-45	2.16
(((((((3,3),3),3),3),3),3),3)	10	NewickVector	7.95526e-28	0.14
(((((((3,3),3),3),3),3),3),3)	10	TwoDigitNewick	7.95526e-28	0.03
(((((((2,3),3),3),3),3),3),3)	10	NewickVector	1.50701e-26	0.11
(((((((2,3),3),3),3),3),3),3)	10	TwoDigitNewick	1.50701e-26	0.03
(((((((2,2),3),3),3),3),3),3)	10	NewickVector	2.29203e-25	0.07
(((((((2,2),3),3),3),3),3),3)	10	TwoDigitNewick	2.29203e-25	0.02
(((((((2,2),2),3),3),3),3),3)	10	NewickVector	3.7932e-24	0.05
(((((((2,2),2),3),3),3),3),3)	10	TwoDigitNewick	3.7932e-24	0.02
(((((((2,2),2),2),3),3),3),3)	10	NewickVector	5.7835e-23	0.03
(((((((2,2),2),2),3),3),3),3)	10	TwoDigitNewick	5.7835e-23	0.01
(((((((2,2),2),2),2),3),3),3)	10	NewickVector	8.18699e-22	0.02
(((((((2,2),2),2),2),3),3),3)	10	TwoDigitNewick	8.18699e-22	0.01
(((((((2,2),2),2),2),2),3),3)	10	NewickVector	1.09617e-20	0.02
(((((((2,2),2),2),2),2),3),3)	10	TwoDigitNewick	1.09617e-20	0.01
(((((((2,2),2),2),2),2),2),3)	10	NewickVector	1.40905e-19	0
(((((((2,2),2),2),2),2),2),3)	10	TwoDigitNewick	1.40905e-19	0.01
(((((((2,2),2),2),2),2),2),2)	10	NewickVector	1.75415e-18	0.01
(((((((2,2),2),2),2),2),2),2)	10	TwoDigitNewick	1.75415e-18	0
((((((((5,5),5),5),5),5),5),5),5)	10	NewickVector	1.00738e-52	46.88
((((((((5,5),5),5),5),5),5),5),5)	10	TwoDigitNewick	1.00738e-52	12.5
((((((((3,3),3),3),3),3),3),3),3)	10	NewickVector	1.21889e-32	0.47
((((((((3,3),3),3),3),3),3),3),3)	10	TwoDigitNewick	1.21889e-32	0.11
((((((((2,3),3),3),3),3),3),3),3)	10	NewickVector	2.54374e-31	0.38
((((((((2,3),3),3),3),3),3),3),3)	10	TwoDigitNewick	2.54374e-31	0.1
((((((((2,2),3),3),3),3),3),3),3)	10	NewickVector	4.12913e-30	0.28
((((((((2,2),3),3),3),3),3),3),3)	10	TwoDigitNewick	4.12913e-30	0.06
((((((((2,2),2),3),3),3),3),3),3)	10	NewickVector	7.65623e-29	0.2
((((((((2,2),2),3),3),3),3),3),3)	10	TwoDigitNewick	7.65623e-29	0.04
((((((((2,2),2),2),3),3),3),3),3)	10	NewickVector	1.31836e-27	0.13
((((((((2,2),2),2),3),3),3),3),3)	10	TwoDigitNewick	1.31836e-27	0.04
((((((((2,2),2),2),2),3),3),3),3)	10	NewickVector	2.10152e-26	0.08
((((((((2,2),2),2),2),3),3),3),3)	10	TwoDigitNewick	2.10152e-26	0.02
((((((((2,2),2),2),2),2),3),3),3)	10	NewickVector	3.14722e-25	0.05
((((((((2,2),2),2),2),2),3),3),3)	10	TwoDigitNewick	3.14722e-25	0.02
((((((((2,2),2),2),2),2),2),3),3)	10	NewickVector	4.4918e-24	0.04
((((((((2,2),2),2),2),2),2),3),3)	10	TwoDigitNewick	4.4918e-24	0
((((((((2,2),2),2),2),2),2),2),3)	10	NewickVector	6.17986e-23	0.02
((((((((2,2),2),2),2),2),2),2),3)	10	TwoDigitNewick	6.17986e-23	0.01
((((((((2,2),2),2),2),2),2),2),2)	10	NewickVector	8.25436e-22	0.01
((((((((2,2),2),2),2),2),2),2),2)	10	TwoDigitNewick	8.25436e-22	0
(((((((((5,5),5),5),5),5),5),5),5),5)	10	NewickVector	1.14556e-60	292.08
(((((((((5,5),5),5),5),5),5),5),5),5)	10	TwoDigitNewick	1.14556e-60	78.55
(((((((((2,3),3),3),3),3),3),3),3),3)	10	NewickVector	2.88918e-36	1.44
(((((((((2,3),3),3),3),3),3),3),3),3)	10	TwoDigitNewick	2.88918e-36	0.38
(((((((((2,2),3),3),3),3),3),3),3),3)	10	NewickVector	4.93661e-35	1.03
(((((((((2,2),3),3),3),3),3),3),3),3)	10	TwoDigitNewick	4.93661e-35	0.24
(((((((((2,2),2),3),3),3),3),3),3),3)	10	NewickVector	1.01483e-33	0.75
(((((((((2,2),2),3),3),3),3),3),3),3)	10	TwoDigitNewick	1.01483e-33	0.18
(((((((((2,2),2),2),3),3),3),3),3),3)	10	NewickVector	1.95763e-32	0.52
(((((((((2,2),2),2),3),3),3),3),3),3)	10	TwoDigitNewick	1.95763e-32	0.14
(((((((((2,2),2),2),2),3),3),3),3),3)	10	NewickVector	3.49543e-31	0.34
(((((((((2,2),2),2),2),3),3),3),3),3)	10	TwoDigitNewick	3.49543e-31	0.1
(((((((((2,2),2),2),2),2),3),3),3),3)	10	NewickVector	5.8418e-30	0.22
(((((((((2,2),2),2),2),2),3),3),3),3)	10	TwoDigitNewick	5.8418e-30	0.06
(((((((((2,2),2),2),2),2),2),3),3),3)	10	NewickVector	9.25045e-29	0.16
(((((((((2,2),2),2),2),2),2),3),3),3)	10	TwoDigitNewick	9.25045e-29	0.04
(((((((((2,2),2),2),2),2),2),2),3),3)	10	NewickVector	1.40317e-27	0.09
(((((((((2,2),2),2),2),2),2),2),3),3)	10	TwoDigitNewick	1.40317e-27	0.03
(((((((((2,2),2),2),2),2),2),2),2),2)	10	NewickVector	2.93541e-25	0.03
(((((((((2,2),2),2),2),2),2),2),2),2)	10	TwoDigitNewick	2.93541e-25	0.01
((((((((((2,2),3),3),3),3),3),3),3),3),3)	10	NewickVector	4.14754e-40	3.59
((((((((((2,2),3),3),3),3),3),3),3),3),3)	10	TwoDigitNewick	4.14754e-40	0.83
((((((((((2,2),2),3),3),3),3),3),3),3),3)	10	NewickVector	9.36675e-39	2.62
((((((((((2,2),2),3),3),3),3),3),3),3),3)	10	TwoDigitNewick	9.36675e-39	0.65
((((((((((2,2),2),2),3),3),3),3),3),3),3)	10	NewickVector	2.00731e-37	1.8
((((((((((2,2),2),2),3),3),3),3),3),3),3)	10	TwoDigitNewick	2.00731e-37	0.5
((((((((((2,2),2),2),2),3),3),3),3),3),3)	10	NewickVector	3.98673e-36	1.2
((((((((((2,2),2),2),2),3),3),3),3),3),3)	10	TwoDigitNewick	3.98673e-36	0.33
((((((((((2,2),2),2),2),2),3),3),3),3),3)	10	NewickVector	7.40082e-35	0.78
((((((((((2,2),2),2),2),2),3),3),3),3),3)	10	TwoDigitNewick	7.40082e-35	0.23
((((((((((2,2),2),2),2),2),2),3),3),3),3)	10	NewickVector	1.29751e-33	0.52
((((((((((2,2),2),2),2),2),2),3),3),3),3)	10	TwoDigitNewick	1.29751e-33	0.14
((((((((((2,2),2),2),2),2),2),2),3),3),3)	10	NewickVector	2.16857e-32	0.33
((((((((((2,2),2),2),2),2),2),2),3),3),3)	10	TwoDigitNewick	2.16857e-32	0.08
((((((((((2,2),2),2),2),2),2),2),2),2),2)	10	NewickVector	8.23525e-29	0.09
((((((((((2,2),2),2),2),2),2),2),2),2),2)	10	TwoDigitNewick	8.23525e-29	0.01
(((((((((((2,2),2),2),2),3),3),3),3),3),3),3)	10	NewickVector	3.25954e-41	4.25
(((((((((((2,2),2),2),2),3),3),3),3),3),3),3)	10	TwoDigitNewick	3.25954e-41	1.15
(((((((((((2,2),2),2),2),2),3),3),3),3),3),3)	10	NewickVector	6.67768e-40	2.74
(((((((((((2,2),2),2),2),2),3),3),3),3),3),3)	10	TwoDigitNewick	6.67768e-40	0.75
(((((((((((2,2),2),2),2),2),2),3),3),3),3),3)	10	NewickVector	1.29039e-38	1.8
(((((((((((2,2),2),2),2),2),2),3),3),3),3),3)	10	TwoDigitNewick	1.29039e-38	0.49
(((((((((((2,2),2),2),2),2),2),2),3),3),3),3)	10	NewickVector	2.37113e-37	1.18
(((((((((((2,2),2),2),2),2),2),2),3),3),3),3)	10	TwoDigitNewick	2.37113e-37	0.31
(((((((((((2,2),2),2),2),2),2),2),2),2),2),2)	10	NewickVector	1.87735e-32	0.21
(((((((((((2,2),2),2),2),2),2),2),2),2),2),2)	10	TwoDigitNewick	1.87735e-32	0.05
((((((((((((2,2),2),2),2),2),2),2),3),3),3),3),3)	10	NewickVector	1.8879e-42	4.19
((((((((((((2,2),2),2),2),2),2),2),3),3),3),3),3)	10	TwoDigitNewick	1.8879e-42	1.11
((((((((((((2,2),2),2),2),2),2),2),2),2),2),2),2)	10	NewickVector	3.54371e-36	0.48
((((((((((((2,2),2),2),2),2),2),2),2),2),2),2),2)	10	TwoDigitNewick	3.54371e-36	0.1
(((((((((((((2,2),2),2),2),2),2),2),2),2),2),2),2),2)	10	NewickVector	5.60561e-40	1.08
(((((((((((((2,2),2),2),2),2),2),2),2),2),2),2),2),2)	10	TwoDigitNewick	5.60561e-40	0.23
((((((((((((((2,2),2),2),2),2),2),2),2),2),2),2),2),2),2)	10	NewickVector	7.49429e-44	2.43
((((((((((((((2,2),2),2),2),2),2),2),2),2),2),2),2),2),2)	10	TwoDigitNewick	7.49429e-44	0.5
